200
10811 38190
8006 25731
29815 2801
24044 39437
18663 38767
8791 40499
35397 13864
3592 1913
25945 36816
15445 37609
33979 15779
142 35613
17738 46135
31155 32684
10477 7660
40898 18569
43755 40611
10727 28358
26999 44680
4560 27715
15745 34381
11811 32583
2720 24384
28800 30865
30512 14782
22385 18091
15071 31783
46312 8527
29401 32866
8664 37183
7634 11450
6306 12523
23138 43067
22699 36356
9471 27978
32368 44943
33846 18235
12515 31095
2968 8785
43690 35472
3127 1165
26421 27705
13006 23689
38744 171
38805 12580
11219 12639
18762 43958
30135 42246
41598 25153
6238 28035
43689 39300
33946 6642
26506 42025
17522 33169
29717 8398
27810 38976
14566 38629
1926 18715
31987 32616
31488 29379
4426 33052
5947 29125
19982 28513
4495 494
16773 30351
25126 4381
29211 13809
43724 41980
44873 10155
8821 22247
45744 18640
26308 1247
24821 15730
36964 1813
28187 29636
9714 10027
19976 25741
17917 20224
40998 2411
16904 14061
37553 18492
38390 29241
7609 11178
26292 43225
18587 30570
36794 10177
32885 16890
18756 36518
15968 4483
29170 26844
17833 38922
23983 15309
15992 3085
16068 19069
27801 20643
4924 21721
23488 18220
44491 27171
46033 2286
7040 16364
40145 19996
37496 5513
37680 21841
30970 39136
25532 20890
27460 3407
4442 39214
29368 44487
5441 41931
27348 32098
5804 25057
41888 1019
6421 34883
3651 13168
26773 12334
40873 16454
29022 34902
11360 44721
1944 38344
33333 21879
3895 26362
12431 7786
858 44495
10991 26626
18426 32315
22602 30177
26771 1034
23356 35203
45020 26717
45741 10511
35601 34217
16699 45363
38297 23696
42029 10548
10838 5956
45042 19857
35591 24027
39934 40530
27985 13981
13685 31162
10937 32604
35314 3778
45497 11546
3200 9517
20086 34994
29954 34428
12003 29560
22894 2295
19824 26579
37112 27694
1462 40756
15610 25779
4651 39113
17969 10861
22966 1534
3946 20347
23381 19244
1110 10375
1943 22908
23107 23492
22009 34902
24893 37279
21332 38246
20262 27665
14111 32989
4167 20056
27967 13557
37391 14461
26999 32048
8933 42902
6729 41719
2074 12424
7335 29714
34032 31074
9228 1797
35611 29414
25859 9909
10723 12221
34471 32740
6467 28563
25776 36480
25433 2809
19662 28479
43418 21831
2527 10716
21529 40230
40508 15790
4904 9114
17937 38366
15764 41858
1010 44920
11023 24601
24207 6351
19771 16701
28202 19906
44041 9987
13280 11286
35623 36545
35354 1541
26267 2740
