250
4554 44752
24167 35533
16869 3118
36301 371
7370 44482
24300 35431
22414 9581
34623 26960
33246 5575
28754 2817
38890 44480
8761 9258
26198 8614
36738 34127
10990 5410
18106 12827
32699 28200
39568 30651
18869 7735
29807 5263
33594 19081
34531 26222
41945 15022
45196 22745
45159 36459
22183 38581
2031 40163
11478 25546
23672 458
5523 30289
13970 42928
37881 3310
10789 14717
967 23575
32605 11759
36653 30976
6043 27107
38132 7807
16853 31930
24190 37686
1787 33487
26296 32853
32806 3722
26430 29362
26142 15691
43497 11051
22875 42308
23987 8570
19632 23033
24207 4092
21393 34446
25067 2208
9207 35088
7748 4827
15986 40350
3117 8077
3674 40760
31121 27504
45323 29309
45527 39750
19888 2629
39143 20281
15092 35337
10763 33590
21440 34699
17604 16930
3240 15131
30056 45341
31537 13516
25166 4949
2735 14798
20489 19059
16849 41244
5344 37226
43354 27929
6462 9389
21859 468
20210 6444
10283 11716
46259 3595
39018 21011
17259 27153
6807 27659
9814 35491
10353 600
36710 5289
25613 10645
28445 43340
1110 32313
34379 551
5562 24522
42547 27688
3861 30092
1181 36599
41641 19472
35590 4424
19393 45753
16060 28038
28930 22357
1827 31036
5479 35030
42477 34288
15948 30031
15151 3792
45955 13733
39018 4608
44516 18483
34814 24603
23104 1013
3953 12026
15777 20518
39823 20779
32948 19677
2381 9108
14592 33902
11101 40886
21959 24931
31262 44741
19851 26405
34749 32438
29931 24802
26996 21348
21655 40168
35006 15530
23847 39923
22289 36985
38144 22745
4020 27254
22614 26651
39296 9083
37718 14061
31270 35102
26393 41903
1774 41780
18759 22215
26785 6043
10522 10494
3913 24088
1409 11818
41825 9144
21478 1238
1893 29609
20046 8970
19599 8202
41484 18891
15925 42903
27095 42279
38791 1920
24782 13694
40020 12509
17411 8424
15845 10267
44784 42631
22 27946
3675 17617
17830 34603
27221 43383
634 27637
6058 8009
6581 1391
31219 28217
18555 2437
8256 22100
22712 39556
23505 4148
19580 16437
30889 35965
12602 15534
3722 17867
6598 24040
6976 21368
42724 35577
21624 30260
7539 5042
5457 8981
18202 42657
5480 1294
21714 15156
38753 1067
29205 7865
838 3030
39259 35875
23990 28757
12444 36616
26867 25796
5002 46093
14566 21100
35401 27323
25484 21626
16096 22058
1891 45518
21006 37063
38257 21136
27547 25792
24545 45944
37814 30373
11833 29694
15568 38087
46221 38913
15211 18300
34534 3901
11917 19594
5110 8108
29403 27904
1763 38154
25102 34391
18487 11993
37821 3719
45564 18196
7089 7406
22198 32416
23907 23234
25714 43205
26508 10578
31832 14968
17419 5499
33221 44074
36551 7493
11227 38549
3255 25362
40311 11754
38933 45088
46110 20370
7175 6115
30060 6754
7177 21033
14389 343
10391 9701
35637 41196
32614 45947
3992 3035
25588 34829
2311 32326
21573 43828
31606 7506
37141 38803
7463 25443
41723 12902
17788 7148
42652 34451
12421 19426
31442 28917
9057 1764
41512 45393
35355 39321
11007 24514
27408 32445
23529 9410
8560 23479
29650 25627
