300
26551 29461
34909 24882
3742 25731
25110 26774
20668 280
46149 18542
39231 17396
46117 32588
41638 5161
27011 31117
38278 24145
164 19622
34918 16165
34007 43209
43637 34157
40102 35990
36779 28842
26990 27893
4187 22518
23800 3535
22828 16176
33564 27592
9450 28271
36883 33078
144 40893
2429 21073
13393 19881
45476 32332
17792 11549
25371 4477
32188 3050
2031 42066
12045 3018
42053 30275
14681 11604
22094 43388
27644 4864
26107 814
20191 17806
4220 43750
5891 34341
20325 25426
41014 12489
39145 3329
13955 29642
21595 16384
45568 19156
43846 19450
1097 19283
12992 24160
37276 28044
35319 20497
1291 41323
44268 30809
20350 29601
34650 46115
7878 26610
20884 37293
45915 19075
9283 42764
30175 27704
31563 38405
26168 17252
42591 13289
7456 28000
37415 25778
43947 33236
38399 23278
13774 42998
13503 44281
24979 20715
0 17741
2358 40138
15717 40686
21111 22701
26566 40672
25325 40020
31958 32784
31271 26770
11742 38891
42158 24310
17828 35314
16624 38318
19294 12043
45256 27275
27000 38637
3850 5698
5706 31915
40954 30335
20777 37676
11569 11220
4598 39959
17060 19921
35905 32958
44122 25942
32036 40303
40325 37035
11829 7991
45433 27755
16936 23944
3217 35652
34250 39554
17627 16476
21348 7355
18066 38565
3016 39259
43723 32971
11911 6276
41313 14655
45015 43002
22190 4540
35264 16775
14668 11898
10982 19382
24048 23762
34749 5386
31534 9589
386 36759
1542 5534
11786 9280
4495 34415
33102 12972
26299 39952
41302 7350
17963 45182
21550 34625
8845 15071
41202 27494
40376 3835
31189 6346
10279 25065
40610 34167
1638 14252
33508 39313
42294 540
10501 24418
35969 14925
34802 30559
9406 35137
22025 2403
34687 40755
17392 11535
272 20144
29702 30564
22795 18043
25624 26572
16979 26242
23118 20792
18514 33971
18879 34955
33681 26161
30855 73
30830 29427
36993 10935
21016 11907
2978 3894
8676 39137
17285 13763
24095 43403
29584 40481
876 2557
21115 10351
18668 22634
23081 31229
2177 32157
8916 31894
38597 41002
30794 1269
10648 7209
45534 20008
39285 12286
36552 6947
44614 1408
17670 17942
5678 10056
14156 22533
10968 3945
21484 30937
4802 21684
8159 10051
43028 41706
36627 23170
34423 26363
12049 34150
23659 6636
9954 40692
28853 18970
1775 45490
45382 17492
507 18479
22221 25342
27431 36200
36886 38923
46289 43970
17069 25946
42468 46240
31962 14763
8271 14950
21856 39128
15192 5984
32854 26127
35601 21728
1752 40322
22483 11439
37543 1166
26840 13951
24799 8970
28919 4250
6899 41056
10674 1851
38681 41050
39832 25486
22627 27339
20425 19090
22226 4049
3623 14119
30541 23423
9399 26926
40330 33791
13837 36206
46169 21405
16828 12233
36230 45512
1570 36687
29910 675
37188 7135
43809 27549
1988 10499
12112 6966
10192 40127
44390 12361
14123 43979
6321 20342
22519 42258
34338 36189
18491 9630
40301 16598
15608 1065
30048 25900
719 5043
20531 36212
29459 43847
24123 39903
39710 17084
22800 565
42974 35797
37396 7585
15590 9908
39609 3422
2769 36299
19514 44364
23307 36629
2350 38539
34392 20773
30455 37326
12026 5146
36019 28560
39303 35115
41078 31296
35492 40938
42899 20946
2900 15639
44440 5469
20474 11402
27773 35150
41935 35322
35676 14667
18876 3434
17189 46126
39119 7791
27741 39589
42404 28564
20625 34838
2263 20906
23609 12431
6677 13096
22542 21107
4245 15817
13590 2337
34122 37793
6830 45239
30163 16159
16366 43792
7638 44494
35677 15638
10194 18391
45183 2566
19907 8134
20870 5698
16336 13329
17925 29073
17485 15397
25105 44964
1587 17400
41477 23681
20490 4182
5828 8572
22361 3708
4306 28905
27769 16999
